6
784
-1-1-1-1-1-1-1-1-1-1-1-1-1-1-1-1-1-1-1-1-1-1-1-1-1-1-1-1
-1-1-1-1-1-1-1-1-1-1-1-1-1-1-1-1-1-1-1-1-1-1-1-1-1-1-1-1
-1-1-1-1-1-1-1-1-1-1-1-1-1-1-1-1-1-1-1-1-1-1-1-1-1-1-1-1
-1-1-1-1-1-1-1-1-1-1-1-1-1-1-1-1-1-1-1-1-1-1-1-1-1-1-1-1
-1-1-1-1-1-1-1-1-1-1-1-1-1-1-1-1-1-1-1-1-1-1-1-1-1-1-1-1
-1-1-1-1-1-1-1-1-1-1-1-1-1-1-1-1-1-1-1-1-1-1-1-1-1-1-1-1
-1-1-1-1-1-1-1-1-1-1-1-1-1-1-1-1-1-1-1-1-1-1-1-1-1-1-1-1
 1 1 1 1 1 1 1 1 1 1 1 1 1 1 1 1 1 1 1 1-1-1-1-1-1-1-1-1
 1 1 1 1 1 1 1 1 1 1 1 1 1 1 1 1 1 1 1 1 1-1-1-1-1-1-1-1
 1 1 1 1 1 1 1 1 1 1 1 1 1 1 1 1 1 1 1 1 1-1-1-1-1-1-1-1
 1 1 1 1 1 1 1 1 1 1 1 1 1 1 1 1 1 1 1 1 1-1-1-1-1-1-1-1
 1 1 1 1 1 1 1 1 1 1 1 1 1 1 1 1 1 1 1 1 1-1-1-1-1-1-1-1
-1-1-1-1-1-1-1-1-1-1-1-1-1-1-1 1 1 1 1 1-1-1-1-1-1-1-1-1
-1-1-1-1-1-1-1-1-1-1-1-1-1-1 1 1 1 1 1 1-1-1-1-1-1-1-1-1
-1-1-1-1-1-1-1-1-1-1-1-1-1-1 1 1 1 1 1-1-1-1-1-1-1-1-1-1
-1-1-1-1-1-1-1-1-1-1-1-1-1 1 1 1 1 1 1-1-1-1-1-1-1-1-1-1
-1-1-1-1-1-1-1-1-1-1-1-1-1 1 1 1 1 1-1-1-1-1-1-1-1-1-1-1
-1-1-1-1-1-1-1-1-1-1-1 1 1 1 1 1 1 1-1-1-1-1-1-1-1-1-1-1
-1-1-1-1-1-1-1-1-1-1-1 1 1 1 1 1 1-1-1-1-1-1-1-1-1-1-1-1
-1-1-1-1-1-1-1-1-1-1-1 1 1 1 1 1 1-1-1-1-1-1-1-1-1-1-1-1
-1-1-1-1-1-1-1-1-1-1-1 1 1 1 1-1-1-1-1-1-1-1-1-1-1-1-1-1
-1-1-1-1-1-1-1-1-1-1-1 1 1 1 1-1-1-1-1-1-1-1-1-1-1-1-1-1
-1-1-1-1-1-1-1-1-1-1 1 1 1 1 1-1-1-1-1-1-1-1-1-1-1-1-1-1
-1-1-1-1-1-1-1-1-1-1 1 1 1 1 1-1-1-1-1-1-1-1-1-1-1-1-1-1
-1-1-1-1-1-1-1-1-1-1 1 1 1 1-1-1-1-1-1-1-1-1-1-1-1-1-1-1
-1-1-1-1-1-1-1-1-1-1 1 1 1 1-1-1-1-1-1-1-1-1-1-1-1-1-1-1
-1-1-1-1-1-1-1-1-1-1 1 1 1 1-1-1-1-1-1-1-1-1-1-1-1-1-1-1
-1-1-1-1-1-1-1-1-1-1 1 1 1 1-1-1-1-1-1-1-1-1-1-1-1-1-1-1

-1-1-1-1-1-1-1-1-1-1-1-1-1-1-1-1-1-1-1-1-1-1-1-1-1-1-1-1
-1-1-1-1-1-1-1-1-1-1-1-1-1-1-1-1-1-1-1-1-1-1-1-1-1-1-1-1
-1-1-1-1-1-1-1-1-1-1-1-1-1-1-1-1-1-1-1-1-1-1-1-1-1-1-1-1
-1-1-1-1-1-1-1-1-1-1-1-1-1-1-1-1-1-1-1-1-1-1-1-1-1-1-1-1
-1-1-1-1-1-1-1-1-1-1-1-1-1-1-1-1-1-1-1-1-1-1-1-1-1-1-1-1
 1 1 1 1 1 1 1 1 1 1 1 1 1 1 1 1 1 1 1 1-1-1-1-1-1-1-1-1
 1 1 1 1 1 1 1 1 1 1 1 1 1 1 1 1 1 1 1 1 1-1-1-1-1-1-1-1
 1 1 1 1 1 1 1 1 1 1 1 1 1 1 1 1 1 1 1 1 1-1-1-1-1-1-1-1
 1 1 1 1 1 1 1 1 1 1 1 1 1 1-1-1 1 1 1 1 1-1-1-1-1-1-1-1
-1-1-1-1-1-1-1-1-1 1 1 1-1-1-1-1 1 1 1 1-1-1-1-1-1-1-1-1
-1-1-1-1-1-1-1-1-1-1-1-1-1 1 1 1 1 1 1 1-1-1-1-1-1-1-1-1
-1-1-1-1-1-1-1-1-1-1-1-1-1 1 1 1 1 1 1-1-1-1-1-1-1-1-1-1
 1 1 1 1 1 1 1 1 1 1 1 1 1 1 1 1 1 1 1-1-1-1-1-1-1-1-1-1
 1 1 1 1 1 1 1 1 1 1 1 1 1 1 1 1 1 1 1 1-1-1-1-1-1-1-1-1
 1 1 1 1 1 1 1 1 1 1 1 1 1 1 1 1 1 1 1 1 1-1-1-1-1-1-1-1
-1-1-1-1-1-1-1-1-1-1-1-1-1-1-1-1-1 1 1 1 1-1-1-1-1-1-1-1
-1-1-1-1-1-1-1-1-1-1-1-1-1-1-1-1-1-1 1 1 1-1-1-1-1-1-1-1
-1-1-1-1-1-1-1-1-1-1-1-1-1-1-1-1-1-1 1 1 1-1-1-1-1-1-1-1
 1 1 1 1 1 1 1 1 1-1-1-1-1-1-1-1-1-1 1 1 1-1-1-1-1-1-1-1
 1 1 1 1 1 1 1 1 1-1-1-1-1-1-1-1 1 1 1 1 1-1-1-1-1-1-1-1
 1 1 1 1 1 1 1 1 1-1-1-1-1-1-1-1 1 1 1 1 1-1-1-1-1-1-1-1
 1 1 1 1 1 1 1 1 1-1-1-1-1-1 1 1 1 1 1 1-1-1-1-1-1-1-1-1
-1-1-1-1-1-1-1 1 1 1 1 1 1 1 1 1 1 1 1-1-1-1-1-1-1-1-1-1
-1-1-1-1-1-1-1 1 1 1 1 1 1 1 1 1 1-1-1-1-1-1-1-1-1-1-1-1
-1-1-1-1-1-1-1 1 1 1 1 1 1 1 1-1-1-1-1-1-1-1-1-1-1-1-1-1
-1-1-1-1-1-1-1-1-1-1-1-1-1-1-1-1-1-1-1-1-1-1-1-1-1-1-1-1
-1-1-1-1-1-1-1-1-1-1-1-1-1-1-1-1-1-1-1-1-1-1-1-1-1-1-1-1
-1-1-1-1-1-1-1-1-1-1-1-1-1-1-1-1-1-1-1-1-1-1-1-1-1-1-1-1

-1-1-1-1-1-1-1-1-1-1-1-1-1-1-1-1-1-1-1-1-1-1 1 1 1 1-1-1
-1-1-1-1-1-1-1-1-1-1-1-1-1-1-1-1-1-1-1-1-1-1 1 1 1 1-1-1
-1-1-1-1-1-1-1-1-1-1-1-1-1-1-1-1-1-1-1-1-1-1 1 1 1 1-1-1
-1-1-1-1-1-1-1-1-1-1-1-1-1-1-1-1-1-1-1-1-1-1 1 1 1 1-1-1
-1-1-1-1-1-1-1-1-1-1-1-1-1-1-1-1-1-1-1-1-1-1 1 1 1 1-1-1
-1-1-1-1-1-1-1-1-1-1-1-1-1-1-1-1-1-1-1-1-1-1 1 1 1 1-1-1
-1-1-1-1-1-1-1-1-1-1-1-1-1-1-1-1-1-1-1-1-1-1 1 1 1 1-1-1
-1-1-1-1-1-1-1-1-1-1-1-1-1-1-1-1-1-1-1-1-1-1 1 1 1 1-1-1
-1-1-1-1-1-1-1-1-1-1-1-1-1-1-1-1-1-1-1-1-1-1 1 1 1 1-1-1
-1-1-1-1-1-1-1-1-1-1-1-1-1-1-1-1-1-1-1-1-1-1 1 1 1 1-1-1
-1-1-1-1-1-1-1-1-1-1-1-1-1-1-1-1-1-1-1-1-1-1 1 1 1 1 1-1
-1-1-1-1-1-1-1-1-1-1-1-1-1-1-1-1-1-1-1-1-1-1 1 1 1 1-1-1
-1-1-1-1-1-1-1-1-1-1-1-1-1-1-1-1-1-1-1-1-1-1 1 1 1 1-1 1
-1-1-1-1-1-1-1-1-1-1-1-1-1-1-1-1-1-1-1-1-1-1 1 1 1 1-1-1
-1-1-1-1-1-1-1-1-1-1-1-1-1-1-1-1-1-1-1-1-1-1 1 1 1 1-1-1
-1-1-1-1-1-1-1-1-1-1-1-1-1-1-1-1-1-1-1-1-1-1 1 1 1 1-1-1
-1-1-1-1-1-1-1-1-1-1-1-1-1-1-1-1-1-1-1-1-1-1 1 1 1 1-1-1
-1-1-1-1-1-1-1-1-1-1-1-1-1-1-1-1-1-1-1-1-1-1 1 1 1 1 1-1
-1-1-1-1-1-1-1-1-1-1-1-1-1-1-1-1-1-1-1-1-1-1 1 1 1 1-1-1
-1-1-1-1-1-1-1-1-1-1-1-1-1-1-1-1-1-1-1-1-1-1 1 1 1 1-1-1
-1-1-1-1-1-1-1-1-1-1-1-1-1-1-1-1-1-1-1-1-1-1 1 1 1 1-1-1
-1-1-1-1-1-1-1-1-1-1-1-1-1-1-1-1-1-1-1-1-1-1 1 1 1 1-1-1
-1-1-1-1-1-1-1-1-1-1-1-1-1-1-1-1-1-1-1-1-1-1 1 1 1 1-1-1
-1-1-1-1-1-1-1-1-1-1-1-1-1-1-1-1-1-1-1-1-1-1 1 1 1 1-1-1
-1-1-1-1-1-1-1-1-1-1-1-1-1-1-1-1-1-1-1-1-1-1 1 1 1 1-1-1
-1-1-1-1-1-1-1-1-1-1-1-1-1-1-1-1-1-1-1-1-1-1 1 1 1 1-1-1
-1-1-1-1-1-1-1-1-1-1-1-1-1-1-1-1-1-1-1-1-1-1 1 1 1 1-1-1
-1-1-1-1-1-1-1-1-1-1-1-1-1-1-1-1-1-1-1-1-1-1 1 1 1 1-1-1

-1-1-1-1-1-1-1-1-1 1 1 1-1-1-1-1-1-1-1-1-1-1-1-1-1-1-1-1
-1-1-1-1-1-1-1-1-1 1 1 1-1-1-1-1-1-1-1-1-1-1-1-1-1-1-1-1
-1-1-1-1-1-1-1-1-1 1 1 1-1-1-1-1-1-1-1-1-1-1-1-1-1-1-1-1
-1-1-1-1-1-1-1-1-1 1 1 1-1-1-1-1-1-1-1-1-1-1-1-1-1-1-1-1
-1-1-1-1-1-1-1-1 1 1 1 1-1-1-1-1-1-1-1-1-1-1-1-1-1-1-1-1
-1-1-1-1-1-1-1 1 1 1 1 1-1-1-1-1-1-1-1-1-1-1-1-1-1-1-1-1
-1-1-1-1-1-1-1 1 1 1 1-1-1-1-1-1-1-1-1-1-1-1-1-1-1-1-1-1
-1-1-1-1-1-1 1 1 1 1 1-1-1-1-1-1-1-1-1-1-1-1-1-1-1-1-1-1
-1-1-1-1-1-1 1 1 1 1-1-1-1-1-1-1-1-1-1-1-1-1-1-1-1-1-1-1
-1-1-1-1-1-1 1 1 1 1-1-1-1-1-1-1-1-1-1-1-1-1-1-1-1-1-1-1
-1-1-1-1-1-1 1 1 1-1-1-1-1-1-1-1 1 1 1 1 1 1 1-1-1-1-1-1
-1-1-1-1-1-1 1 1 1-1-1-1-1-1 1 1 1 1 1 1 1 1 1 1 1-1-1-1
-1-1-1-1-1-1 1 1 1-1-1-1-1 1 1 1 1 1 1 1 1 1 1 1 1 1-1-1
-1-1-1-1-1-1 1 1 1-1-1-1-1 1 1 1 1 1-1-1-1-1 1 1 1 1-1-1
-1-1-1-1-1-1 1 1 1-1-1-1-1 1 1 1 1-1-1-1-1-1-1 1 1 1-1-1
-1-1-1-1-1-1 1 1 1-1-1-1-1 1 1 1 1-1-1-1-1-1-1 1 1 1-1-1
-1-1-1-1-1-1 1 1 1 1-1-1-1 1 1 1 1-1-1-1-1-1-1 1 1 1-1-1
-1-1-1-1-1-1 1 1 1 1 1-1-1 1 1 1 1 1 1-1-1-1-1 1 1 1-1-1
-1-1-1-1-1-1 1 1 1 1 1-1-1-1-1 1 1 1 1 1-1-1 1 1 1 1-1-1
-1-1-1-1-1-1-1 1 1 1 1 1 1-1-1-1 1 1 1 1 1 1 1 1 1 1-1-1
-1-1-1-1-1-1-1 1 1 1 1 1 1 1 1 1 1 1 1 1 1 1 1 1 1 1-1-1
-1-1-1-1-1-1-1-1-1 1 1 1 1 1 1 1 1 1 1 1 1 1 1 1 1 1-1-1
-1-1-1-1-1-1-1-1-1-1-1 1 1 1 1 1 1 1 1 1-1-1-1-1-1-1-1-1
-1-1-1-1-1-1-1-1-1-1-1-1-1-1-1-1-1-1-1-1-1-1-1-1-1-1-1-1
-1-1-1-1-1-1-1-1-1-1-1-1-1-1-1-1-1-1-1-1-1-1-1-1-1-1-1-1
-1-1-1-1-1-1-1-1-1-1-1-1-1-1-1-1-1-1-1-1-1-1-1-1-1-1-1-1
-1-1-1-1-1-1-1-1-1-1-1-1-1-1-1-1-1-1-1-1-1-1-1-1-1-1-1-1
-1-1-1-1-1-1-1-1-1-1-1-1-1-1-1-1-1-1-1-1-1-1-1-1-1-1-1-1


 1 1 1 1 1 1 1 1 1 1 1 1 1 1 1 1 1 1 1 1 1 1 1 1 1 1 1 1
 1 1 1 1 1 1 1 1 1 1 1 1 1 1 1 1 1 1 1 1 1 1 1 1 1 1 1 1
 1 1-1-1-1-1-1-1-1-1-1-1-1-1-1-1-1-1-1-1-1-1-1-1-1-1 1 1
 1 1-1-1-1-1-1-1-1-1-1-1-1-1-1-1-1-1-1-1-1-1-1-1-1-1 1 1
 1 1-1-1-1-1-1-1-1-1-1-1-1-1-1-1-1-1-1-1-1-1-1-1-1-1 1 1
 1 1-1-1-1-1-1-1-1-1-1-1-1-1-1-1-1-1-1-1-1-1-1-1-1-1 1 1
 1 1-1-1-1-1-1-1-1-1-1-1-1-1-1-1-1-1-1-1-1-1-1-1-1-1 1 1
 1 1-1-1-1-1-1-1-1-1-1-1-1-1-1-1-1-1-1-1-1-1-1-1-1-1 1 1
 1 1-1-1-1-1-1-1-1-1-1-1-1-1-1-1-1-1-1-1-1-1-1-1-1-1 1 1
 1 1-1-1-1-1-1-1-1-1-1-1-1-1-1-1-1-1-1-1-1-1-1-1-1-1 1 1
 1 1-1-1-1-1-1-1-1-1-1-1-1-1-1-1-1-1-1-1-1-1-1-1-1-1-1 1
 1 1-1-1-1-1-1-1-1-1-1-1-1-1-1-1-1-1-1-1-1-1-1-1-1-1 1 1
 1 1-1-1-1-1-1-1-1-1-1-1-1-1-1-1-1-1-1-1-1-1-1-1-1-1 1 1
 1 1-1-1-1-1-1-1-1-1-1-1-1-1-1-1-1-1-1-1-1-1-1-1-1-1 1 1
 1 1-1-1-1-1-1-1-1-1-1-1-1-1-1-1-1-1-1-1-1-1-1-1-1-1 1 1
 1 1-1-1-1-1-1-1-1-1-1-1-1-1-1-1-1-1-1-1-1-1-1-1-1-1 1 1
 1 1-1-1-1-1-1-1-1-1-1-1-1-1-1-1-1-1-1-1-1-1-1-1-1-1 1 1
 1 1-1-1-1-1-1-1-1-1-1-1-1-1-1-1-1-1-1-1-1-1-1-1-1-1 1 1
 1 1-1-1-1-1-1-1-1-1-1-1-1-1-1-1-1-1-1-1-1-1-1-1-1-1 1 1
 1 1-1-1-1-1-1-1-1-1-1-1-1-1-1-1-1-1-1-1-1-1-1-1-1-1 1 1
 1 1-1-1-1-1-1-1-1-1-1-1-1-1-1-1-1-1-1-1-1-1-1-1-1-1 1 1
 1 1-1-1-1-1-1-1-1-1-1-1-1-1-1-1-1-1-1-1-1-1-1-1-1-1 1 1
 1 1-1-1-1-1-1-1-1-1-1-1-1-1-1-1-1-1-1-1-1-1-1-1-1-1 1 1
 1 1-1-1-1-1-1-1-1-1-1-1-1-1-1-1-1-1-1-1-1-1-1-1-1-1 1 1
 1 1-1-1-1-1-1-1-1-1-1-1-1-1-1-1-1-1-1-1-1-1-1-1-1-1 1 1
 1 1-1-1-1-1-1-1-1-1-1-1-1-1-1-1-1-1-1-1-1-1-1-1-1-1 1 1
 1 1 1 1 1 1 1 1 1 1 1 1 1 1 1 1 1 1 1 1 1 1 1 1 1 1 1 1
 1 1 1 1 1 1 1 1 1 1 1 1 1 1 1 1 1 1 1 1 1 1 1 1 1 1 1 1

-1-1-1-1-1-1-1-1-1 1 1 1 1-1-1-1-1-1-1-1-1-1-1 1 1-1-1-1
-1-1-1-1-1-1-1-1-1 1 1 1 1-1-1-1-1-1-1-1-1-1-1 1 1-1-1-1
-1-1-1-1-1-1-1-1-1 1 1 1 1-1-1-1-1-1-1-1-1-1-1 1 1-1-1-1
-1-1-1-1-1-1-1-1-1 1 1 1 1-1-1-1-1-1-1-1-1-1-1 1 1-1-1-1
-1-1-1-1-1-1-1-1-1 1 1 1 1-1-1-1-1-1-1-1-1-1-1 1 1-1-1-1
-1-1-1-1-1-1-1-1-1 1 1 1 1-1-1-1-1-1-1-1-1-1-1 1 1-1-1-1
-1-1-1-1-1-1-1-1-1 1 1 1 1-1-1-1-1-1-1-1-1-1-1 1 1-1-1-1
-1-1-1-1-1-1-1-1-1 1 1 1 1-1-1-1-1-1-1-1-1-1 1 1 1-1-1-1
-1-1-1-1-1-1-1-1-1 1 1 1 1-1-1-1-1-1-1-1-1-1 1 1 1-1-1-1
-1-1-1-1-1-1-1-1-1 1 1 1 1-1-1-1-1-1-1-1-1-1 1 1 1-1-1-1
-1-1-1-1-1-1-1-1-1 1 1 1 1-1-1-1-1-1-1-1-1 1 1 1 1-1-1-1
-1-1-1-1-1-1-1-1 1 1 1 1-1-1-1-1-1-1-1-1-1 1 1 1-1-1-1-1
-1-1-1-1-1-1-1-1 1 1 1 1-1-1-1-1-1-1-1-1-1 1 1 1-1-1-1-1
-1-1-1-1-1-1-1 1 1 1 1 1-1-1-1-1-1-1-1-1 1 1 1 1-1-1-1-1
-1-1-1-1-1-1 1 1 1 1 1-1-1-1-1-1-1-1-1-1 1 1 1 1-1-1-1-1
-1-1-1-1-1-1 1 1 1 1 1-1-1-1-1-1-1-1-1-1 1 1 1 1-1-1-1-1
-1-1-1-1-1 1 1 1 1 1-1 1 1 1 1 1 1 1 1-1 1 1 1 1-1-1-1-1
-1-1-1-1-1 1 1 1 1 1 1 1 1 1 1 1 1 1 1 1 1 1 1-1-1-1-1-1
-1-1-1-1-1 1 1 1 1 1 1 1 1 1 1 1 1 1 1 1 1 1 1-1-1-1-1-1
-1-1-1-1-1 1 1 1 1 1 1 1 1 1 1 1 1 1 1 1 1 1 1-1-1-1-1-1
-1-1-1-1-1 1 1 1 1 1-1-1-1-1-1-1-1-1 1 1 1 1-1-1-1-1-1-1
-1-1-1-1-1-1-1-1-1-1-1-1-1-1-1-1-1-1 1 1 1 1-1-1-1-1-1-1
-1-1-1-1-1-1-1-1-1-1-1-1-1-1-1-1-1-1 1 1 1-1-1-1-1-1-1-1
-1-1-1-1-1-1-1-1-1-1-1-1-1-1-1-1-1-1 1 1 1-1-1-1-1-1-1-1
-1-1-1-1-1-1-1-1-1-1-1-1-1-1-1-1-1-1 1 1 1-1-1-1-1-1-1-1
-1-1-1-1-1-1-1-1-1-1-1-1-1-1-1-1-1-1 1 1 1-1-1-1-1-1-1-1
-1-1-1-1-1-1-1-1-1-1-1-1-1-1-1-1-1-1 1 1 1-1-1-1-1-1-1-1
-1-1-1-1-1-1-1-1-1-1-1-1-1-1-1-1-1-1 1 1 1-1-1-1-1-1-1-1

