5
169

1 1 1 1 1 1 1 1 1 1 1-1-1 
1 1 1 1 1 1 1 1 1 1 1-1-1 
1 1 1 1 1 1 1 1 1 1 1-1-1 
1 1 1 1 1 1 1 1 1 1 1-1-1 
1 1 1 1 1 1 1 1 1 1 1-1-1 
1 1 1 1 1 1 1 1 1 1 1-1-1 
1 1 1 1 1 1 1 1 1 1 1-1-1 
1 1 1 1 1 1 1 1 1 1 1-1-1 
1 1 1 1 1 1 1 1 1 1 1-1-1 
1 1 1 1 1 1 1 1 1 1 1-1-1 
1 1 1 1 1 1 1 1 1 1 1-1-1 
1 1 1 1 1 1 1 1 1 1 1-1-1 
1 1 1 1 1 1 1 1 1 1 1-1-1 

-1-1-1-1-1-1-1-1-1-1-1-1-1 
-1-1-1-1-1-1-1-1-1-1-1-1-1
1 1 1 1 1 1 1 1 1 1-1-1 1 
1 1 1 1 1 1 1 1 1-1-1 1 1 
1 1 1 1 1 1 1 1-1-1 1 1 1
1 1 1 1 1 1 1-1-1 1 1 1 1 
1 1 1 1 1 1-1-1 1 1 1 1 1 
1 1 1 1 1-1-1 1 1 1 1 1 1 
1 1 1 1-1-1 1 1 1 1 1 1 1 
1 1 1-1-1 1 1 1 1 1 1 1 1 
1 1-1-1 1 1 1 1 1 1 1 1 1 
-1-1-1-1-1-1-1-1-1-1-1-1-1 
-1-1-1-1-1-1-1-1-1-1-1-1-1 

-1-1-1-1-1-1-1-1-1-1-1-1-1 
-1-1-1-1-1-1-1-1-1-1-1-1-1 
1 1 1 1 1 1 1 1 1 1 1-1-1 
1 1 1 1 1 1 1 1 1 1 1-1-1 
1 1 1 1 1 1 1 1 1 1 1-1-1   
-1-1-1-1-1-1-1-1-1-1-1-1-1 
-1-1-1-1-1-1-1-1-1-1-1-1-1 
1 1 1 1 1 1 1 1 1 1 1-1-1 
1 1 1 1 1 1 1 1 1 1 1-1-1  
1 1 1 1 1 1 1 1 1 1 1-1-1  
1 1 1 1 1 1 1 1 1 1 1-1-1  
-1-1-1-1-1-1-1-1-1-1-1-1-1 
-1-1-1-1-1-1-1-1-1-1-1-1-1 

-1-1 1 1 1 1 1-1-1 1 1 1 1 
-1-1 1 1 1 1 1-1-1 1 1 1 1 
-1-1 1 1 1 1 1-1-1 1 1 1 1 
-1-1 1 1 1 1 1-1-1 1 1 1 1 
-1-1-1-1-1-1-1-1-1 1 1 1 1 
-1-1-1-1-1-1-1-1-1 1 1 1 1 
-1-1-1-1-1-1-1-1-1 1 1 1 1 
1 1 1 1 1 1 1-1-1 1 1 1 1
1 1 1 1 1 1 1-1-1 1 1 1 1
1 1 1 1 1 1 1-1-1 1 1 1 1
1 1 1 1 1 1 1-1-1 1 1 1 1
1 1 1 1 1 1 1-1-1 1 1 1 1
1 1 1 1 1 1 1-1-1 1 1 1 1

-1-1-1-1-1-1-1-1-1-1-1-1-1 
-1-1-1-1-1-1-1-1-1-1-1-1-1 
-1-1 1 1 1 1 1 1 1 1 1 1 1
-1-1 1 1 1 1 1 1 1 1 1 1 1
-1-1-1-1-1-1-1 1 1 1 1 1 1 
-1-1-1-1-1-1-1-1 1 1 1 1 1 
1 1 1 1 1 1 1-1-1 1 1 1 1 
1 1 1 1 1 1 1 1-1-1 1 1 1
1 1 1 1 1 1 1 1 1-1-1 1 1
1 1 1 1 1 1 1 1 1 1-1-1 1
1 1 1 1 1 1 1 1 1 1 1-1-1 
-1-1-1-1-1-1-1-1-1-1-1-1-1 
-1-1-1-1-1-1-1-1-1-1-1-1-1 

-1-1-1-1-1-1-1-1-1-1-1-1-1 
-1-1-1-1-1-1-1-1-1-1-1-1-1 
-1-1 1 1 1 1 1 1 1 1 1 1 1
-1-1 1 1 1 1 1 1 1 1 1 1 1
-1-1-1-1-1-1-1-1-1-1-1-1-1 
-1-1-1-1-1-1-1-1-1-1-1-1-1 
-1-1-1 1 1 1 1 1 1 1 1-1-1 
-1-1-1 1 1 1 1 1 1 1 1-1-1
-1-1-1 1 1 1 1 1 1 1 1-1-1
-1-1-1 1 1 1 1 1 1 1 1-1-1
-1-1-1 1 1 1 1 1 1 1 1-1-1 
-1-1-1-1-1-1-1-1-1-1-1-1-1 
-1-1-1-1-1-1-1-1-1-1-1-1-1 

-1-1-1-1-1-1-1-1-1-1 1 1 1
-1-1-1-1-1-1-1-1-1-1 1 1 1
1 1 1 1 1 1 1 1-1-1 1 1 1
1 1 1 1 1 1 1 1-1-1 1 1 1
1 1 1 1 1 1 1 1-1-1 1 1 1
1 1 1 1 1 1 1 1-1-1 1 1 1
1 1 1 1 1 1 1 1-1-1 1 1 1
1 1 1 1 1 1 1 1-1-1 1 1 1
1 1 1 1 1 1 1 1-1-1 1 1 1
1 1 1 1 1 1 1 1-1-1 1 1 1
1 1 1 1 1 1 1 1-1-1 1 1 1
1 1 1 1 1 1 1 1-1-1 1 1 1
1 1 1 1 1 1 1 1-1-1 1 1 1

-1-1-1-1-1-1-1-1-1-1-1-1-1 
-1-1-1-1-1-1-1-1-1-1-1-1-1 
 -1-1 1 1 1 1 1 1 1-1-1-1 1
 1-1-1-1 1 1 1 1-1-1 1 1 1
 1 1-1-1-1 1 1-1-1 1 1 1 1 
 1 1 1-1-1-1-1-1 1 1 1 1 1 
1 1 1 1-1-1 1-1-1 1 1 1 1 
1 1 1-1-1 1 1 1-1-1 1 1 1
1 1-1-1 1 1 1 1 1-1-1 1 1
1-1-1 1 1 1 1 1 1 1-1-1 1
-1-1 1 1 1 1 1 1 1 1 1-1-1 
-1-1-1-1-1-1-1-1-1-1-1-1-1 
-1-1-1-1-1-1-1-1-1-1-1-1-1 

-1-1-1-1-1-1-1-1-1-1 1 1 1
-1-1-1-1-1-1-1-1-1-1 1 1 1
1-1-1 1 1 1 1 1-1-1 1 1 1
1 1-1-1-1 1 1 1-1-1 1 1 1
1 1 1-1-1 1 1 1-1-1 1 1 1
1 1 1 1-1-1-1 1-1-1 1 1 1
1 1 1 1 1-1-1-1-1-1 1 1 1
1 1 1 1 1 1-1-1-1-1 1 1 1
1 1 1 1 1 1 1 1-1-1 1 1 1
1 1 1 1 1 1 1 1-1-1 1 1 1
1 1 1 1 1 1 1 1-1-1 1 1 1
1 1 1 1 1 1 1 1-1-1 1 1 1
1 1 1 1 1 1 1 1-1-1 1 1 1







6
100

1 1 1 1 1 1 1 1-1-1 
1 1 1 1 1 1 1 1-1-1 
1 1 1 1 1 1 1 1-1-1 
1 1 1 1 1 1 1 1-1-1 
1 1 1 1 1 1 1 1-1-1
1 1 1 1 1 1 1 1-1-1 
1 1 1 1 1 1 1 1-1-1 
1 1 1 1 1 1 1 1-1-1 
1 1 1 1 1 1 1 1-1-1 
1 1 1 1 1 1 1 1-1-1

-1-1-1-1-1-1-1-1-1-1 
-1-1-1-1-1-1-1-1-1-1 
1 1 1 1 1 1 1-1-1 1 
1 1 1 1 1 1-1-1 1 1 
1 1 1 1 1-1-1 1 1 1
1 1 1 1-1-1 1 1 1 1 
1 1 1-1-1 1 1 1 1 1 
1 1-1-1 1 1 1 1 1 1 
-1-1-1-1-1-1-1-1-1-1 
-1-1-1-1-1-1-1-1-1-1

-1-1-1-1-1-1-1-1-1-1 
-1-1-1-1-1-1-1-1-1-1 
1 1 1 1 1 1 1 1-1-1 
1 1 1 1 1 1 1 1-1-1 
-1-1-1-1-1-1-1-1-1-1 
-1-1-1-1-1-1-1-1-1-1 
1 1 1 1 1 1 1 1-1-1 
1 1 1 1 1 1 1 1-1-1 
-1-1-1-1-1-1-1-1-1-1 
-1-1-1-1-1-1-1-1-1-1 

-1-1 1 1 1 1 1 1-1-1 
-1-1 1 1 1 1 1 1-1-1 
-1-1 1 1 1 1 1 1-1-1 
-1-1 1 1 1 1 1 1-1-1 
-1-1-1-1-1-1-1-1-1-1 
-1-1-1-1-1-1-1-1-1-1 
1 1 1 1 1 1 1 1-1-1 
1 1 1 1 1 1 1 1-1-1 
1 1 1 1 1 1 1 1-1-1 
1 1 1 1 1 1 1 1-1-1

-1-1-1-1-1-1-1-1-1-1 
-1-1-1-1-1-1-1-1-1-1  
-1-1 1 1 1 1 1 1 1 1 
-1-1 1 1 1 1 1 1 1 1  
-1-1-1-1-1-1-1-1-1-1 
-1-1-1-1-1-1-1-1-1-1 
1 1 1 1 1 1 1 1-1-1 
1 1 1 1 1 1 1 1-1-1 
-1-1-1-1-1-1-1-1-1-1 
-1-1-1-1-1-1-1-1-1-1 

-1-1-1-1-1-1-1-1-1-1 
-1-1-1-1-1-1-1-1-1-1  
-1-1 1 1 1 1 1 1 1 1 
-1-1 1 1 1 1 1 1 1 1  
-1-1-1-1-1-1-1-1-1-1 
-1-1-1-1-1-1-1-1-1-1 
-1-1 1 1 1 1 1 1-1-1 
-1-1 1 1 1 1 1 1-1-1 
-1-1-1-1-1-1-1-1-1-1 
-1-1-1-1-1-1-1-1-1-1 

-1-1-1-1-1-1-1-1-1-1
-1-1-1-1-1-1-1-1-1-1
1 1 1 1 1 1 1 1-1-1 
1 1 1 1 1 1 1 1-1-1 
1 1 1 1 1 1 1 1-1-1 
1 1 1 1 1 1 1 1-1-1 
1 1 1 1 1 1 1 1-1-1 
1 1 1 1 1 1 1 1-1-1 
1 1 1 1 1 1 1 1-1-1 
1 1 1 1 1 1 1 1-1-1 

 1-1-1-1-1-1-1-1-1 1 
 1-1-1-1-1-1-1-1-1 1  
 1-1 1 1 1 1 1 1-1 1 
 1-1 1 1 1 1 1 1-1 1 
 1-1-1-1-1-1-1-1-1 1 
 1-1-1-1-1-1-1-1-1 1 
 1-1 1 1 1 1 1 1-1 1 
 1-1 1 1 1 1 1 1-1 1 
 1-1-1-1-1-1-1-1-1 1 
 1-1-1-1-1-1-1-1-1 1 

1 1 1 1 1 1 1 1 1 1 
-1-1-1-1-1-1-1-1-1-1
1 1 1 1 1 1 1 1 1 1 
-1-1-1-1-1-1-1-1-1-1
1 1 1 1 1 1 1 1 1 1 
-1-1-1-1-1-1-1-1-1-1
1 1 1 1 1 1 1 1 1 1 
-1-1-1-1-1-1-1-1-1-1
1 1 1 1 1 1 1 1 1 1 
-1-1-1-1-1-1-1-1-1-1

1 1 1 1 1 1 1 1 1 1 
1 1 1 1 1 1 1 1 1 1 
1 1 1 1 1 1 1 1 1 1 
1 1 1 1 1 1 1 1 1 1 
1 1 1 1 1 1 1 1 1 1 
1 1 1 1 1 1 1 1 1 1 
1 1 1 1 1 1 1 1 1 1 
-1-1-1-1-1-1-1-1-1-1
-1-1-1-1-1-1-1-1-1-1
-1-1-1-1-1-1-1-1-1-1

-1-1-1-1-1-1-1-1-1-1
-1-1-1-1-1-1-1-1-1-1
-1-1-1-1-1-1-1-1-1-1
1 1 1 1 1 1 1 1 1 1 
1 1 1 1 1 1 1 1 1 1 
1 1 1 1 1 1 1 1 1 1 
1 1 1 1 1 1 1 1 1 1 
1 1 1 1 1 1 1 1 1 1 
1 1 1 1 1 1 1 1 1 1 
1 1 1 1 1 1 1 1 1 1 

1 1 1 1 1 1 1 1 1 1 
1 1 1 1 1 1 1 1 1 1 
1 1 1 1 1 1 1 1 1 1 
-1-1-1-1-1-1-1-1-1-1
-1-1-1-1-1-1-1-1-1-1
-1-1-1-1-1-1-1-1-1-1
1 1 1 1 1 1 1 1 1 1 
1 1 1 1 1 1 1 1 1 1 
1 1 1 1 1 1 1 1 1 1 
1 1 1 1 1 1 1 1 1 1 

1-1-1 1-1-1 1-1-1 1
1-1-1 1-1-1 1-1-1 1
1-1-1 1-1-1 1-1-1 1
1-1-1 1-1-1 1-1-1 1
1-1-1 1-1-1 1-1-1 1
1-1-1 1-1-1 1-1-1 1
1-1-1 1-1-1 1-1-1 1
1-1-1 1-1-1 1-1-1 1
1-1-1 1-1-1 1-1-1 1
1-1-1 1-1-1 1-1-1 1

-1 1 1-1 1-1-1 1-1-1
-1 1 1-1 1-1-1 1-1-1
-1 1 1-1 1-1-1 1-1-1
-1 1 1-1 1-1-1 1-1-1
-1 1 1-1 1-1-1 1-1-1
-1 1 1-1 1-1-1 1-1-1
-1 1 1-1 1-1-1 1-1-1
-1 1 1-1 1-1-1 1-1-1
-1 1 1-1 1-1-1 1-1-1
-1 1 1-1 1-1-1 1-1-1

1 1 1 1 1 -1-1-1-1-1
-1-1-1-1-1 1 1 1 1 1
-1-1-1-1-1 1 1 1 1 1
-1-1-1-1-1 1 1 1 1 1
1 1 1 1 1 -1-1-1-1-1
1 1 1 1 1 -1-1-1-1-1
-1-1-1-1-1 1 1 1 1 1
-1-1-1-1-1 1 1 1 1 1
-1-1-1-1-1 1 1 1 1 1
1 1 1 1 1 -1-1-1-1-1

-1-1-1-1-1-1-1-1-1-1
-1-1-1-1-1-1-1-1-1-1
-1-1-1-1-1-1-1-1-1-1
-1-1-1-1-1-1-1-1-1-1
-1-1-1-1-1-1-1-1-1-1
-1-1-1-1-1-1-1-1-1-1
-1-1-1-1-1-1-1-1-1-1
-1-1-1-1-1-1-1-1-1-1
-1-1-1-1-1-1-1-1-1-1
 1 1 1 1 1 1 1 1 1 1 

-1-1-1-1-1-1 1 1 1 1 
 1-1-1-1-1-1 1 1 1 1 
 1 1-1-1-1-1 1 1 1 1
 1 1 1-1-1-1 1 1 1 1 
 1 1 1 1-1-1 1 1 1 1
-1 1 1 1 1-1 1 1 1 1 
-1-1-1-1 1 1 1 1 1 1 
-1-1-1-1-1 1 1 1 1 1
-1-1-1-1-1-1 1 1 1 1 
-1-1-1-1-1-1-1 1 1 1